Webots Project File version 8.3.2
perspectives: 000000ff00000000fd00000002000000000000013a0000030dfc0200000001fb00000012005300630065006e0065005400720065006501000000150000030d000000000000000000000001000003160000042efc0200000002fb0000001400540065007800740045006400690074006f00720100000000000002de000000aa00fffffffb0000000e0043006f006e0073006f006c006501000002e40000014a0000006b00ffffff000004640000042e00000004000000040000000100000008fc00000000
simulationViewPerspectives: 000000ff0000000100000002000001b4000002aa0100000006010000000101
sceneTreePerspectives: 000000ff0000000100000002000000c0000000b90100000006010000000201
minimizedPerspectives: 000000ff00000000fd00000003000000000000013a0000030dfc0200000001fb00000012005300630065006e0065005400720065006501000000150000030d000000000000000000000002000007800000011bfc0100000001fb0000001400540065007800740045006400690074006f00720100000000000007800000009200ffffff000000030000078000000102fc0100000001fb0000000e0043006f006e0073006f006c00650100000000000007800000004f00ffffff000007800000020500000004000000040000000100000008fc00000000
maximizedDockId: -1
centralWidgetVisible: 1
orthographicViewHeight: 2.58882
textFiles: 1 "controllers/swingcontroller/swingcontroller.c" "controllers/humancontroller2/humancontroller2.c"
renderingDevicePerspectives: 175;1;0.625;0.03739;0.0819307
renderingDevicePerspectives: 176;1;0.625;0.03739;0.044802
