Webots Project File version 8.3.2
perspectives: 000000ff00000000fd00000003000000000000013a0000030dfc0200000001fb00000012005300630065006e0065005400720065006501000000150000030d00000000000000000000000100000054000003bdfc0200000001fb0000001400540065007800740045006400690074006f00720100000000000003bd000000a900ffffff000000030000073c0000006bfc0100000001fb0000000e0043006f006e0073006f006c006501000000000000073c0000004f00ffffff000006e2000003bd00000004000000040000000100000008fc00000000
simulationViewPerspectives: 000000ff00000001000000020000025b000002720100000006010000000101
sceneTreePerspectives: 000000ff00000001000000020000023a000001410100000006010000000201
minimizedPerspectives: 000000ff00000000fd00000003000000000000013a0000030dfc0200000001fb00000012005300630065006e0065005400720065006501000000150000030d000000000000000000000002000007800000011bfc0100000001fb0000001400540065007800740045006400690074006f00720100000000000007800000009200ffffff000000030000078000000102fc0100000001fb0000000e0043006f006e0073006f006c00650100000000000007800000004f00ffffff000007800000020500000004000000040000000100000008fc00000000
maximizedDockId: -1
centralWidgetVisible: 1
orthographicViewHeight: 1.20573
textFiles: 0 "controllers/my_controller/my_controller.c"
renderingDevicePerspectives: 91;1;1;0.294883;0.0964326
renderingDevicePerspectives: 90;1;1;0.0351258;0.119844
