Webots Project File version 8.5
perspectives: 000000ff00000000fd00000003000000000000000000000000fc0100000001fb0000001a0044006f00630075006d0065006e0074006100740069006f006e0000000000ffffffff0000004e00ffffff000000010000005d00000286fc0200000001fb0000001400540065007800740045006400690074006f00720100000000000002860000004600ffffff00000003000005a00000006bfc0100000001fb0000000e0043006f006e0073006f006c00650100000000000005a00000004f00ffffff0000053d0000028600000001000000020000000100000008fc00000000
simulationViewPerspectives: 000000ff0000000100000002000001d1000003660100000006010000000100
sceneTreePerspectives: 000000ff0000000100000002000000c0000000b00100000006010000000200
minimizedPerspectives: 
maximizedDockId: -1
centralWidgetVisible: 1
orthographicViewHeight: 1
textFiles: -1
documentationBook: 
documentationPage: 
renderingDevicePerspectives: 98;0;1.44167;-0.00408998;0.0733788
renderingDevicePerspectives: 97;1;1;0;0
