Webots Project File version 8.5
perspectives: 000000ff00000000fd00000003000000000000000000000000fc0100000001fb0000001a0044006f00630075006d0065006e0074006100740069006f006e0000000000ffffffff0000005400ffffff000000010000008d000002cdfc0200000001fb0000001400540065007800740045006400690074006f0072010000001a000002cd000000b100ffffff00000003000003be000000d9fc0100000001fb0000000e0043006f006e0073006f006c00650100000000000003be0000005700ffffff0000032b000002cd00000001000000020000000100000008fc00000000
simulationViewPerspectives: 000000ff000000010000000200000146000001df0100000006010000000100
sceneTreePerspectives: 000000ff0000000100000002000000c0000001310100000006010000000200
minimizedPerspectives: 
maximizedDockId: -1
centralWidgetVisible: 1
orthographicViewHeight: 1
textFiles: 0 "controllers/SwingSupervisorController/SwingSupervisorController.py"
documentationBook: 
documentationPage: 
renderingDevicePerspectives: 94;1;0.09375;0;0
renderingDevicePerspectives: 93;1;0.09375;0;0
